;---------------------------
; byte 1 = length
; byte 2 = speed
;---------------------------

;------------------------------------------------
; nacht rijder
;------------------------------------------------

__sequenceTable:
;    .dw 180,140,100,60,60,100,140,180
;    .dw 180,140,100,60,60,100,140,180
;
;    .dw 140,100,60,60,100,140,180,200
;    .dw 200,180,140,100,60,60,100,140

;    .dw 100,60,60,100,140,180,200,220
;    .dw 220,200,180,140,100,60,60,100
;
;    .dw 60,60,100,140,180,200,220,240
;    .dw 240,220,200,180,140,100,60,60
;
 ;   .dw 60,100,140,180,200,220,240,240
 ;   .dw 240,240,220,200,180,140,100,60
 ;
 ;   .dw 60,60,100,140,180,200,220,240
 ;   .dw 240,220,200,180,140,100,60,60
 ;
 ;   .dw 100,60,60,100,140,180,200,220
 ;   .dw 220,200,180,140,100,60,60,100
 ;
;    .dw 140,100,60,60,100,140,180,200
 ;   .dw 200,180,140,100,60,60,100,140
 ;
 ;  .dw 180,140,100,60,60,100,140,180
   ; .dw 180,140,100,60,60,100,140,180

;    .dw 200,180,140,100,60,60,100,140
;    .dw 140,100,60,60,100,140,180,200
;
;    .dw 220,200,180,140,100,60,60,100
;    .dw 100,60,60,100,140,180,200,220
;
;    .dw 240,220,200,180,140,100,60,60
;    .dw 60,60,100,140,180,200,220,240
;
;    .dw 240,240,220,200,180,140,100,60
;    .dw 60,100,140,180,200,220,240,240
;
;    .dw 240,220,200,180,140,100,60,60
;    .dw 60,60,100,140,180,200,220,240
;
;    .dw 220,200,180,140,100,60,60,100
;    .dw 100,60,60,100,140,180,200,220
;
;    .dw 200,180,140,100,60,60,100,140
;    .dw 140,100,60,60,100,140,180,200


;-----------------------------------------
; half phase funkadelic disco wall
;-----------------------------------------
    .db 8,6

    .dw 200,180,160,140,120,100,80,60
    .dw 60,80,100,120,140,160,180,200

    .dw 180,160,140,120,100,80,60,200
    .dw 80,100,120,140,160,180,200,60

    .dw 160,140,120,100,80,60,200,180
    .dw 100,120,140,160,180,200,60,80

    .dw 140,120,100,80,60,200,180,160
    .dw 120,140,160,180,200,60,80,100

    .dw 120,100,80,60,200,180,160,140
    .dw 140,160,180,200,60,80,100,120

    .dw 100,80,60,200,180,160,140,120
    .dw 160,180,200,60,80,100,120,140

    .dw 80,60,200,180,160,140,120,100
    .dw 180,200,60,80,100,120,140,160

    .dw 60,200,180,160,140,121,101,80
    .dw 200,60,79,100,120,140,160,180
